 &fortin
  T_mean = 298.0
  P_mean = 101325.
  xblob = -0.02
  yblob = 0.
  radblob = 0.025
  MeanFlow = 10.0d0
 /
 &heattransin
  pamb = 101325.
 /
 &extern
 const_conductivity = 0.026
 const_viscosity = 2.186915887850467e-06
 const_bulk_viscosity = 0.
 const_diffusivity = 2.239000000000000e-05
 mks_unit = true
 /
